# name: debug
# type: sparse matrix
# nnz: 36
# rows: 6
# columns: 6

1 1 12191920.264222831
2 1 -134036844.034195244
3 1 274263.219260463
4 1 0.000000000
5 1 0.000000000
6 1 0.000000000
1 2 -8375410.323844822
2 2 22626.668000978
3 2 196351279.677650958
4 2 0.000000000
5 2 0.000000000
6 2 0.000000000
1 3 -18929066.272314787
2 3 3938525.492822806
3 3 13165266.276280822
4 3 0.000000000
5 3 0.000000000
6 3 0.000000000
1 4 0.000000000
2 4 0.000000000
3 4 0.000000000
4 4 0.000000000
5 4 0.000000000
6 4 0.000000000
1 5 0.000000000
2 5 0.000000000
3 5 0.000000000
4 5 0.000000000
5 5 0.000000000
6 5 0.000000000
1 6 0.000000000
2 6 0.000000000
3 6 0.000000000
4 6 0.000000000
5 6 0.000000000
6 6 0.000000000
